,S62343,S62284,S62566,S62500,S62583,S62421,S62554,S62434,S62338,S62393,S62549,S62355,S62398,S62542,S62524,S62543,S62272,S62254,S62561,S62535,S62488,S62571,S62501,S62511,S62487,S62591,S62260,S62553,S62379,S62333,S62319,S62439,S62321,S62368,S62507,S62555,S62482,S62536,S62477,S62279,S62278,S62326,S62475,S62320,S62573,S62572,S62375,S62392,S62356,S62416,S62512,S62548,S62596,S62506,S62441,S62590,S62523,S62537,S62271,S62345,S62565,S62374,S62415,S62517,S62595,S62440,S62349,S62283,S62380,S62481,S62585,S62547,S62285,S62337,S62259,S62381,S62560,S62584,S62525,S62435,S62351,S62476,S62429,S62277,S62541,S62505,S62422,S62325,S62397,S62399,S62332,S62513,S62261,S62518,S62350,S62273,S62567,S62253,S62373,S62339
S62343,1,0.705082244,0.622774257,0.679086682,0.812259606,0.84673826,0.874267019,0.842177003,0.215452009,0.626802076,0.622376705,0.708046855,0.851544879,0.862308204,0.807643311,0.922810775,0.807731956,0.884573498,0.745703599,0.842578921,0.636480736,0.922868141,0.806361943,0.69026605,0.791781734,0.209374549,0.876832987,0.678972203,0.584881515,0.782646687,0.413683724,0.894036857,0.688724989,0.882874448,0.833081275,0.897855623,0.643246724,0.781536153,0.842917795,0.561239257,0.601855926,0.792817017,0.857214324,0.831105639,0.861935945,0.843553704,0.638637726,0.611956088,0.312956277,0.635535989,0.721063354,0.541438281,0.652283942,0.707291277,0.652476749,0.559192232,0.891721712,0.328689474,0.899091451,0.740536956,0.209213352,0.619699215,0.391082791,0.808627346,0.697507556,0.89289658,0.826404691,0.237009526,0.73284974,0.863572511,0.852996254,0.763530308,0.718765646,0.370362962,0.863950272,0.740548531,0.467494117,0.777559538,0.79639061,0.758263527,0.073879202,0.891353137,0.874982106,0.819322824,0.895932602,0.818773861,0.36489402,0.836798572,0.914959084,0.905268256,0.851020508,0.728971546,0.778971543,0.516600065,0.806912078,0.87510895,0.870847194,0.899289677,0.88489385,0.40136434
S62284,0.705082244,1,0.247236016,0.492458527,0.619147259,0.671706059,0.669036346,0.643424342,0.46422383,0.550878213,0.139222516,0.51838639,0.58138617,0.7670061,0.70118386,0.664025003,0.560807277,0.750330958,0.563666798,0.781371098,0.571393166,0.682641895,0.791132823,0.577595379,0.747273358,0.305626387,0.702560616,0.549137234,0.702124843,0.477322888,0.335906803,0.688916963,0.666179551,0.545333435,0.741132039,0.640802317,0.310401324,0.593854829,0.693288187,0.405236091,0.536901942,0.769408788,0.728454018,0.804001082,0.732143427,0.634880885,0.677690504,0.729935278,0.293602138,0.455513758,0.601548042,0.318679303,0.489743926,0.725817504,0.73688137,0.737867508,0.705137093,0.220537271,0.692597667,0.58771672,-0.197663171,0.444692519,0.214551681,0.673659801,0.545962076,0.601843616,0.690255092,0.48966669,0.562509055,0.752745685,0.516424749,0.359539233,0.871654572,0.644242736,0.65525562,0.593397577,0.33158965,0.514223,0.682208504,0.532250623,0.251051244,0.679971444,0.632702647,0.656268839,0.662695323,0.701523504,0.224693069,0.771831578,0.72215557,0.630165214,0.703470338,0.596333632,0.597322389,0.705608178,0.578511934,0.683431061,0.712816674,0.69109322,0.640933924,0.596962982
S62566,0.622774257,0.247236016,1,0.246938678,0.367768152,0.423602407,0.58073531,0.420315767,-0.21634086,0.093533109,0.722251749,0.29634202,0.761872805,0.426726083,0.361880183,0.597721892,0.610872622,0.542441254,0.318457503,0.603510843,0.111367478,0.459880959,0.374368722,0.184610669,0.361538522,0.12778438,0.631902438,0.543700985,0.311675605,0.516547577,0.083615733,0.598795086,0.22059922,0.575518152,0.436678841,0.576003519,0.76178002,0.463238641,0.568171339,0.226334431,0.191198905,0.379594174,0.45488807,0.44207616,0.435625818,0.559028272,0.162787776,0.34179491,-0.024045105,0.527499771,0.203916274,0.298566334,0.30212336,0.416723244,0.374879841,0.055363112,0.570619007,0.281575705,0.59561783,0.549122778,0.496310541,0.241103621,0.170653267,0.441714867,0.316588549,0.586005357,0.376798101,0.018960161,0.610129147,0.650118816,0.778867595,0.464832815,0.30351301,-0.022583402,0.630307745,0.300187456,-0.01279428,0.400133272,0.549034856,0.3622949,-0.217426641,0.576022788,0.484704422,0.397393256,0.660123002,0.316450144,-0.024856603,0.43680625,0.623074045,0.738863316,0.484631432,0.245096001,0.389354608,0.106135846,0.389552553,0.618366474,0.416939129,0.582813514,0.589127774,-0.067460047
S62500,0.679086682,0.492458527,0.246938678,1,0.826282619,0.669924621,0.689273183,0.792716683,0.231458749,0.729058633,0.417116243,0.662240779,0.57256735,0.736110355,0.69791567,0.686214971,0.696016922,0.620350171,0.790429745,0.501406029,0.736368122,0.735889459,0.721984755,0.815244329,0.645435489,0.052612997,0.662842599,0.37215757,0.445587818,0.808633393,0.63803999,0.638178828,0.770213974,0.787879115,0.737769457,0.738524572,0.289338203,0.700126475,0.61509337,0.783166405,0.760142379,0.657838736,0.793036714,0.660457386,0.709327299,0.670031294,0.610696223,0.399704789,0.413199536,0.415977725,0.833616982,0.6237835,0.795997906,0.580490519,0.58310244,0.60001621,0.712399029,0.355347857,0.764662686,0.599544008,0.13678086,0.647546717,0.301674477,0.626678782,0.764379308,0.650080064,0.779310804,0.107058103,0.597045634,0.565886152,0.632308387,0.730628602,0.592767963,0.290457118,0.667948195,0.772283438,0.749446521,0.785389278,0.617575644,0.72857894,0.174905062,0.754659953,0.814937377,0.848287136,0.692845172,0.800058877,0.604653875,0.61997666,0.662879607,0.594737182,0.762997272,0.857571576,0.749730503,0.412733732,0.76454259,0.715187234,0.707355952,0.682364915,0.739086013,0.461566531
S62583,0.812259606,0.619147259,0.367768152,0.826282619,1,0.831969951,0.784959167,0.957043072,0.129866309,0.801303661,0.502042563,0.722652618,0.694007331,0.91803812,0.879697072,0.808491574,0.724469115,0.826391928,0.885828249,0.697528001,0.911718742,0.856203554,0.826763892,0.944662236,0.808382439,0.068650105,0.8478368,0.412473375,0.700048213,0.876231201,0.559855211,0.793538767,0.904549929,0.860937816,0.862489626,0.847270395,0.470713261,0.818624439,0.762299358,0.817738054,0.881579301,0.763076815,0.928962137,0.836847203,0.911960441,0.797965719,0.606946955,0.478685912,0.341142424,0.354640785,0.949305954,0.721958333,0.89807597,0.667187645,0.730812452,0.700033897,0.881741784,0.579893517,0.914738747,0.641284275,0.052742925,0.764469108,0.255787854,0.666955701,0.855916667,0.771596713,0.944512305,0.15706207,0.764209293,0.698750218,0.777673308,0.819015286,0.727560278,0.399234636,0.840864427,0.836623635,0.741201065,0.881028695,0.742419882,0.861622071,0.091632508,0.863979748,0.917804645,0.930113392,0.7668989,0.960296043,0.584692328,0.652376548,0.870418444,0.759430298,0.905593172,0.931699243,0.932801123,0.49859127,0.885724318,0.815367144,0.824146161,0.867531201,0.787130491,0.47024398
S62421,0.84673826,0.671706059,0.423602407,0.669924621,0.831969951,1,0.807732514,0.881834269,0.150972428,0.732390298,0.529948704,0.723418443,0.719123086,0.858976467,0.820417208,0.835625812,0.701876284,0.874516618,0.834172591,0.750718654,0.719836377,0.859980514,0.733702457,0.758245431,0.705716567,0.151454669,0.813835025,0.458447013,0.624551729,0.752609062,0.473371311,0.859303499,0.790270742,0.799102321,0.778386488,0.842901734,0.503036455,0.767934787,0.714418692,0.63696528,0.688020388,0.748089004,0.831722539,0.807460706,0.855892087,0.808152563,0.584427084,0.569644206,0.421425418,0.47289626,0.781646403,0.577290041,0.70680787,0.621167111,0.664486506,0.66959357,0.861427467,0.340123062,0.857785507,0.625086874,0.079664403,0.683434595,0.324573493,0.754914237,0.717538747,0.845177577,0.851832257,0.171953992,0.681539338,0.699064503,0.725806074,0.786227021,0.69301503,0.316102522,0.81451557,0.760889803,0.635177055,0.785071446,0.683894209,0.824951204,0.085691494,0.792368125,0.867607806,0.791393666,0.767738012,0.844690314,0.524135247,0.737261714,0.843119994,0.78706532,0.853372379,0.753719925,0.840973671,0.428730141,0.834647743,0.777603391,0.827445567,0.867558916,0.758807635,0.36936446
S62554,0.874267019,0.669036346,0.58073531,0.689273183,0.784959167,0.807732514,1,0.859269392,0.115988862,0.655923918,0.601263973,0.712277171,0.74772497,0.851272966,0.797019027,0.956801801,0.865293312,0.817078408,0.701756443,0.774085405,0.661210361,0.870974458,0.7497482,0.72269614,0.666108993,0.104135687,0.867934681,0.52133366,0.601114939,0.822033792,0.281790878,0.912113783,0.778391135,0.898501008,0.772176121,0.963696681,0.477733196,0.868309154,0.71898797,0.676840907,0.710234514,0.681709998,0.817568443,0.766228534,0.844917895,0.771245363,0.606560601,0.57485381,0.23396721,0.508456485,0.750187873,0.626199431,0.759747474,0.648707162,0.678716119,0.608926757,0.932854522,0.322882664,0.912588574,0.700778545,0.064736221,0.741917921,0.389317575,0.768597421,0.78468826,0.84801457,0.79647152,0.032194998,0.742608052,0.809739695,0.808935755,0.744052059,0.661661626,0.26509788,0.919271725,0.748002464,0.522987387,0.879927105,0.707830635,0.864273735,-0.052492687,0.857894317,0.865031577,0.838966781,0.797276057,0.793400206,0.380234503,0.758824973,0.904417393,0.831029842,0.912046281,0.739061315,0.713186801,0.378420401,0.889112127,0.784703496,0.831120786,0.911606832,0.832488303,0.284635744
S62434,0.842177003,0.643424342,0.420315767,0.792716683,0.957043072,0.881834269,0.859269392,1,0.042668437,0.783451282,0.567224598,0.76698578,0.70909935,0.92101905,0.906278019,0.865312082,0.744481929,0.873760712,0.904917827,0.744160863,0.872027239,0.864096776,0.796515791,0.919168927,0.742270231,0.026039351,0.890963821,0.371838347,0.72051976,0.89297081,0.484919339,0.871620779,0.919914496,0.868577245,0.833999561,0.91162125,0.461036697,0.89169558,0.704386766,0.813361978,0.886453166,0.747028472,0.92231894,0.842315869,0.893165562,0.784714458,0.567312074,0.486713603,0.302839575,0.348329833,0.934798489,0.768935073,0.908846781,0.617957442,0.754778028,0.699718895,0.940536196,0.561803336,0.931991841,0.609873955,0.003468795,0.778519949,0.286503899,0.705652375,0.890273879,0.834038929,0.952037447,0.094021797,0.776793644,0.695763003,0.782591229,0.824569359,0.71959106,0.329355328,0.90923027,0.781250456,0.757403623,0.907944117,0.751512752,0.934755936,0.009686999,0.860810308,0.925455833,0.921898088,0.763535281,0.927797059,0.537360815,0.675032198,0.898858065,0.789730871,0.946160622,0.916868218,0.932755521,0.434860663,0.941510923,0.800061893,0.851447026,0.935712953,0.774069079,0.354575336
S62338,0.215452009,0.46422383,-0.21634086,0.231458749,0.129866309,0.150972428,0.115988862,0.042668437,1,0.180456965,-0.254164628,0.071157583,0.144873478,0.182398102,0.164277711,0.160825783,0.145666169,0.158170314,0.087790102,0.241887363,0.074028891,0.276341101,0.321711996,0.056001034,0.419274565,0.406514515,0.072946358,0.483662461,0.03843812,0.009344691,0.31413307,0.130336442,0.065536178,0.100752827,0.262455473,0.060505861,-0.012642893,0.022882568,0.350459199,-0.031321267,-0.044454009,0.41367286,0.150632215,0.223875388,0.262918434,0.267683258,0.441753497,0.303577287,0.441892036,0.389791383,0.074522411,-0.229830123,-0.070427814,0.425860717,0.170990103,0.274346689,0.089054113,-0.280762472,0.119617171,0.378187922,-0.068232188,0.019849887,0.126802576,0.341505551,-0.019728531,0.111381119,0.120697433,0.608296531,0.007430001,0.281100452,0.02849618,-0.002588256,0.348494858,0.578816631,0.001262346,0.264096477,0.016643317,-0.000500926,0.221338514,-0.045578184,0.573211836,0.177280073,0.174967505,0.136481823,0.294421796,0.217410063,0.072828394,0.447755859,0.117870378,0.134783856,0.096268553,0.08724796,0.041445256,0.578614701,0.010412768,0.257069715,0.23849489,0.043355327,0.311399109,0.674780941
S62393,0.626802076,0.550878213,0.093533109,0.729058633,0.801303661,0.732390298,0.655923918,0.783451282,0.180456965,1,0.309476378,0.717573095,0.381168727,0.754844033,0.740797762,0.628166318,0.574108182,0.654756609,0.726267204,0.469930266,0.836545242,0.745138533,0.664324626,0.845232821,0.610717931,0.078276247,0.578913636,0.183992984,0.495204407,0.666352288,0.609169243,0.583518787,0.801551615,0.662414131,0.650743701,0.708103254,0.151521441,0.662482695,0.519071494,0.67945817,0.764741937,0.559879878,0.727159977,0.636252129,0.721280057,0.619461655,0.642398912,0.41433421,0.458172132,0.21388818,0.832687235,0.649394421,0.739873356,0.461470744,0.486839189,0.660009603,0.67329346,0.462065163,0.703398175,0.390893512,-0.055443495,0.762391344,0.424293235,0.524155286,0.681534436,0.562711405,0.744321565,0.090811192,0.522191239,0.481004497,0.459791765,0.685260557,0.536233433,0.347971614,0.614748993,0.764493018,0.769253451,0.734739097,0.522446117,0.739182726,0.300213484,0.651308341,0.728912637,0.72846502,0.480890607,0.81083705,0.706031693,0.523501361,0.62011296,0.449047292,0.698649128,0.833087453,0.770439958,0.3411535,0.775256147,0.58637017,0.727384086,0.656673693,0.554571315,0.459935912
S62549,0.622376705,0.139222516,0.722251749,0.417116243,0.502042563,0.529948704,0.601263973,0.567224598,-0.254164628,0.309476378,1,0.526000422,0.709666674,0.433228366,0.448948666,0.605608503,0.588289476,0.599264262,0.538171778,0.457287135,0.280233109,0.518910721,0.293458827,0.362233611,0.277071922,-0.02979743,0.597482469,0.36599238,0.243734205,0.673868207,0.307688137,0.640693694,0.366002604,0.682024795,0.35439333,0.654739518,0.715361475,0.603237736,0.443847335,0.461642822,0.387914034,0.272241224,0.493998274,0.402718978,0.388883428,0.553532976,0.093474954,0.119632327,0.202605014,0.371337982,0.398173617,0.647533993,0.500808233,0.197728115,0.295198557,0.071483124,0.613096253,0.402089141,0.609987521,0.369548036,0.58858621,0.393609221,0.312631323,0.471951334,0.498766474,0.707177849,0.486624931,-0.045024239,0.565810309,0.460012079,0.752063575,0.730489113,0.200753831,-0.156519993,0.682265451,0.418440201,0.43094241,0.588222258,0.545027882,0.593119718,-0.081644165,0.573380766,0.601249875,0.514667742,0.565596382,0.370181362,0.312643225,0.344838958,0.605554295,0.688402781,0.534009334,0.401900288,0.573382068,-0.099958826,0.57134777,0.557463117,0.458444816,0.647531829,0.517404322,-0.160377798
S62355,0.708046855,0.51838639,0.29634202,0.662240779,0.722652618,0.723418443,0.712277171,0.76698578,0.071157583,0.717573095,0.526000422,1,0.531788474,0.706152996,0.766308175,0.687343131,0.748409596,0.679161536,0.760664428,0.57021443,0.667828593,0.755975654,0.673101767,0.724557638,0.553622066,0.169536662,0.666675711,0.331817327,0.483802968,0.691486125,0.498836515,0.660549598,0.694665164,0.775049073,0.619462112,0.787531657,0.351664657,0.734130322,0.557066773,0.589547019,0.64966469,0.545731833,0.71450993,0.639583724,0.680091097,0.62108897,0.607514818,0.468984058,0.420725514,0.306182601,0.750991136,0.727801046,0.66237731,0.436163594,0.455410219,0.538583663,0.733233749,0.408052722,0.742172363,0.427073169,0.119767916,0.624940094,0.528774882,0.502532608,0.673903273,0.713847522,0.705608812,0.075975489,0.661742632,0.577476692,0.619133117,0.786797855,0.477996376,0.246093859,0.709126766,0.690992593,0.684973714,0.764785434,0.573388222,0.766173738,0.147174586,0.712419998,0.733285613,0.703504878,0.539985851,0.704785919,0.577631047,0.568481909,0.681743286,0.561731044,0.713990304,0.739543083,0.742803349,0.237815744,0.750279528,0.670355661,0.747248354,0.732076877,0.63344086,0.276958374
S62398,0.851544879,0.58138617,0.761872805,0.57256735,0.694007331,0.719123086,0.74772497,0.70909935,0.144873478,0.381168727,0.709666674,0.531788474,1,0.713512284,0.637911381,0.807877417,0.728598591,0.841016465,0.64764858,0.807016009,0.421642924,0.747350544,0.677875214,0.489225916,0.717710202,0.25850542,0.835127322,0.752773068,0.496718933,0.733291581,0.389375019,0.830895876,0.548545912,0.795364553,0.725405606,0.755038789,0.822909278,0.681587113,0.84255099,0.49341379,0.460274711,0.694937199,0.746308007,0.752755084,0.733536628,0.825859352,0.45686631,0.552247051,0.294263174,0.695163487,0.52633871,0.435577399,0.546162143,0.691770659,0.659416638,0.417131758,0.798756691,0.327327537,0.838906158,0.799239223,0.420697049,0.429032945,0.186616897,0.742023673,0.573854753,0.812254724,0.716145438,0.307925242,0.742655246,0.824402002,0.919400159,0.678544055,0.654973407,0.261760606,0.816900852,0.635839776,0.331295227,0.631146489,0.800547526,0.605875031,0.03444047,0.809724262,0.79264596,0.715338709,0.920876419,0.655346248,0.204619656,0.726712224,0.859526335,0.950180636,0.74506407,0.53563344,0.702251689,0.454349999,0.63651307,0.869291546,0.687373743,0.809948829,0.838933839,0.299363455
S62542,0.862308204,0.7670061,0.426726083,0.736110355,0.91803812,0.858976467,0.851272966,0.92101905,0.182398102,0.754844033,0.433228366,0.706152996,0.713512284,1,0.90422082,0.875957147,0.754074929,0.866111275,0.813917606,0.806103907,0.855680349,0.859878419,0.873657236,0.873406816,0.826810736,0.149427641,0.892794929,0.495321838,0.774078985,0.819458201,0.452308067,0.862006409,0.89176299,0.827658748,0.887693557,0.877872531,0.454923087,0.828598691,0.77100784,0.756700734,0.831112422,0.821450846,0.935757628,0.897839537,0.93594773,0.824135415,0.664484057,0.641005147,0.263121879,0.445299077,0.888920476,0.626907909,0.841949728,0.720736401,0.813402772,0.787357836,0.92016515,0.49007079,0.922705375,0.688428578,-0.070606346,0.751420295,0.239947574,0.731134971,0.840200092,0.79745848,0.928671752,0.179912016,0.788609196,0.787223053,0.761422337,0.702275713,0.835060994,0.467027377,0.871958347,0.800262294,0.601831999,0.846487551,0.778857221,0.830839069,0.07212353,0.866513457,0.885433063,0.907856435,0.802707516,0.936437138,0.457008801,0.758025814,0.911625545,0.803439573,0.932357199,0.8612219,0.849694877,0.568426999,0.867451708,0.815917559,0.83360221,0.900474838,0.817474028,0.484242016
S62524,0.807643311,0.70118386,0.361880183,0.69791567,0.879697072,0.820417208,0.797019027,0.906278019,0.164277711,0.740797762,0.448948666,0.766308175,0.637911381,0.90422082,1,0.813268277,0.722789022,0.836872704,0.853902205,0.788587949,0.823833178,0.813087745,0.817538341,0.853469582,0.749709372,0.094908045,0.860460034,0.425956996,0.745610918,0.805192077,0.453953304,0.811132553,0.85603685,0.783730277,0.834043673,0.833636285,0.410001811,0.850120031,0.707122444,0.698114083,0.796832431,0.772260058,0.893458918,0.846259654,0.8760862,0.7624737,0.630571089,0.572776896,0.340960345,0.363474225,0.862942486,0.64892594,0.801591841,0.648779142,0.742981632,0.721220105,0.896757405,0.513134175,0.87636171,0.561954687,-0.088006498,0.70114212,0.24525685,0.680910333,0.793618897,0.784078578,0.886841308,0.169875094,0.718528257,0.725442119,0.695050402,0.698706676,0.732483364,0.484827834,0.853296078,0.7472612,0.65269747,0.81444763,0.76924019,0.829847819,0.098108766,0.843633876,0.819517856,0.844794025,0.699615649,0.875250378,0.480892518,0.697793537,0.857497596,0.725626366,0.892163595,0.843068375,0.855989581,0.538990744,0.85207184,0.770422405,0.796826731,0.875402753,0.739532642,0.468358738
S62543,0.922810775,0.664025003,0.597721892,0.686214971,0.808491574,0.835625812,0.956801801,0.865312082,0.160825783,0.628166318,0.605608503,0.687343131,0.807877417,0.875957147,0.813268277,1,0.839096434,0.843972927,0.713295601,0.794624917,0.65255658,0.90525604,0.754693597,0.71160909,0.704870581,0.097185938,0.881260442,0.57192524,0.58225622,0.827500878,0.275772545,0.937169434,0.754965788,0.911561072,0.798904634,0.95158633,0.531586082,0.851631103,0.7500273,0.665384175,0.696005894,0.725334306,0.825810204,0.775172358,0.873675644,0.81763723,0.604961554,0.571694151,0.227437593,0.581358835,0.74061955,0.573462245,0.75052914,0.668019504,0.702032571,0.59114227,0.935888318,0.289412072,0.917961658,0.749452029,0.097018986,0.733243799,0.328034445,0.807375873,0.780828765,0.870660998,0.813304489,0.058950024,0.724089606,0.808669824,0.827433635,0.744634848,0.676731677,0.252162055,0.917698917,0.75124288,0.495963945,0.878047497,0.727003986,0.850037308,-0.041505302,0.855116611,0.896494906,0.861032087,0.851236337,0.813458244,0.341647266,0.818832125,0.93714757,0.892637856,0.912065272,0.724857002,0.72164875,0.43408405,0.890542518,0.794351978,0.82632138,0.92266116,0.881599231,0.3033383
S62272,0.807731956,0.560807277,0.610872622,0.696016922,0.724469115,0.701876284,0.865293312,0.744481929,0.145666169,0.574108182,0.588289476,0.748409596,0.728598591,0.754074929,0.722789022,0.839096434,1,0.699912602,0.661519058,0.711705455,0.578074212,0.812103152,0.768452635,0.660087975,0.684047282,0.244239395,0.793721404,0.593652494,0.473390162,0.807224671,0.415655517,0.784581276,0.647567773,0.887112882,0.77616272,0.868626636,0.537884999,0.759115616,0.793513997,0.622503992,0.603153264,0.666041495,0.790439787,0.706352352,0.776337788,0.751434679,0.654497261,0.622960252,0.310758106,0.581879533,0.677164011,0.564876002,0.666306086,0.694515794,0.563920732,0.508206391,0.830378049,0.275943889,0.866597789,0.741789027,0.277124388,0.64701505,0.483815191,0.659754344,0.668467094,0.779790462,0.691674845,0.051475711,0.803698559,0.840666478,0.804719284,0.734991861,0.56816047,0.294061178,0.807564461,0.750866049,0.446680517,0.792114847,0.673128645,0.735550259,0.002398362,0.872333101,0.79754618,0.765354958,0.782553992,0.732678196,0.373010124,0.716251522,0.793740916,0.74653756,0.813109172,0.694950647,0.637410318,0.371168375,0.730648151,0.83540177,0.76380415,0.781244654,0.855887799,0.329841814
S62254,0.884573498,0.750330958,0.542441254,0.620350171,0.826391928,0.874516618,0.817078408,0.873760712,0.158170314,0.654756609,0.599264262,0.679161536,0.841016465,0.866111275,0.836872704,0.843972927,0.699912602,1,0.814070127,0.869395131,0.67082923,0.832579455,0.765256623,0.714015242,0.75240784,0.180320463,0.900241482,0.573505116,0.706686514,0.747548611,0.464111485,0.900724819,0.781969379,0.781666521,0.773648622,0.837057469,0.654929792,0.814088956,0.787271741,0.609737919,0.678528272,0.778459573,0.850000825,0.871785433,0.851787383,0.814132225,0.53631923,0.596554254,0.347192741,0.508896179,0.737630805,0.581298643,0.70768595,0.669030785,0.748700012,0.637108459,0.901499592,0.455349029,0.89262264,0.669686654,0.127486577,0.585100534,0.253180445,0.796998357,0.726896288,0.868454978,0.861664088,0.288641617,0.752753545,0.785882355,0.816310718,0.721823257,0.778465613,0.363951406,0.886519467,0.709344036,0.550469006,0.746811833,0.833080092,0.783796966,0.100139179,0.823936054,0.853805399,0.813154176,0.829401753,0.813717291,0.414791438,0.741464088,0.919406643,0.886770411,0.867113369,0.713463157,0.856156299,0.527528444,0.798353614,0.835223704,0.807351477,0.923956847,0.765909179,0.378507928
S62561,0.745703599,0.563666798,0.318457503,0.790429745,0.885828249,0.834172591,0.701756443,0.904917827,0.087790102,0.726267204,0.538171778,0.760664428,0.64764858,0.813917606,0.853902205,0.713295601,0.661519058,0.814070127,1,0.689283594,0.799304641,0.770349768,0.726529894,0.856392138,0.682737034,0.102949609,0.791693799,0.332433271,0.625482341,0.809778124,0.625295056,0.769186337,0.838412174,0.779704268,0.748059077,0.775686909,0.45262537,0.815759666,0.650008145,0.736459978,0.796717115,0.738417888,0.854782587,0.78950176,0.801204452,0.705523828,0.496199718,0.474631684,0.415864848,0.29235152,0.865702417,0.707928225,0.804428686,0.548911865,0.677557164,0.663659906,0.821985155,0.507594422,0.834521528,0.523835254,0.11735905,0.664643506,0.246121735,0.634802215,0.763422419,0.809098221,0.888229739,0.131088885,0.703993775,0.604636957,0.691108845,0.801164328,0.644127013,0.307941087,0.785617691,0.761744133,0.785960497,0.784321756,0.693689819,0.820117746,0.105928525,0.780890733,0.837273854,0.844675682,0.701770771,0.849547468,0.634046029,0.615356234,0.776814285,0.69915627,0.828083979,0.859988337,0.913171263,0.388894613,0.814313266,0.759725252,0.762649925,0.833684603,0.681961017,0.375678066
S62535,0.842578921,0.781371098,0.603510843,0.501406029,0.697528001,0.750718654,0.774085405,0.744160863,0.241887363,0.469930266,0.457287135,0.57021443,0.807016009,0.806103907,0.788587949,0.794624917,0.711705455,0.869395131,0.689283594,1,0.531689761,0.754569381,0.775462834,0.569120413,0.763026937,0.337376655,0.902325672,0.720997694,0.734243819,0.667223337,0.298640394,0.858485333,0.654084448,0.687261489,0.800476312,0.762931541,0.652729235,0.736094574,0.818831385,0.422095676,0.526407131,0.838368463,0.809276483,0.85894108,0.827781758,0.754192649,0.539423282,0.748064538,0.217789978,0.567806251,0.582696124,0.384901146,0.53473793,0.752890055,0.794898735,0.59110235,0.853431391,0.378167255,0.842277402,0.700205494,0.066500416,0.457034996,0.156850409,0.759375801,0.590743636,0.802388441,0.750418714,0.397557194,0.750604254,0.884420107,0.773180412,0.528939645,0.785163412,0.492973962,0.834804003,0.593572128,0.289026472,0.593965988,0.842188193,0.611281433,0.068056384,0.816439421,0.722718371,0.698200938,0.836890483,0.722728568,0.201569372,0.791722133,0.871456462,0.856033884,0.804362721,0.594679655,0.69659912,0.640652909,0.640975461,0.843134508,0.753090451,0.854921834,0.764750375,0.474320072
S62488,0.636480736,0.571393166,0.111367478,0.736368122,0.911718742,0.719836377,0.661210361,0.872027239,0.074028891,0.836545242,0.280233109,0.667828593,0.421642924,0.855680349,0.823833178,0.65255658,0.578074212,0.67082923,0.799304641,0.531689761,1,0.741916532,0.762224518,0.965770351,0.716661201,0.007781917,0.682312651,0.155145103,0.682777877,0.73515529,0.519432754,0.642448338,0.909702274,0.68922989,0.766560386,0.715558617,0.186133984,0.712025446,0.56763058,0.802389318,0.906954515,0.642453462,0.833271934,0.756932232,0.826800603,0.632269041,0.571658328,0.426877583,0.25831062,0.12149993,0.949793131,0.692535846,0.874309134,0.52993023,0.650250393,0.732422949,0.750917091,0.575914847,0.771225189,0.439843074,-0.148174473,0.814689207,0.243924015,0.504187495,0.793592058,0.593957404,0.867579041,0.045660197,0.654695164,0.518036488,0.531339187,0.676845269,0.663446958,0.412871292,0.685430586,0.768653423,0.768872545,0.807782919,0.551893218,0.809684569,0.095498394,0.709373009,0.78003405,0.832317252,0.526086096,0.913444055,0.628530995,0.491815292,0.709296205,0.512487616,0.803465163,0.919335924,0.83897131,0.416610162,0.823053355,0.624606406,0.729052621,0.715641309,0.584956262,0.454078325
S62571,0.922868141,0.682641895,0.459880959,0.735889459,0.856203554,0.859980514,0.870974458,0.864096776,0.276341101,0.745138533,0.518910721,0.755975654,0.747350544,0.859878419,0.813087745,0.90525604,0.812103152,0.832579455,0.770349768,0.754569381,0.741916532,1,0.796423047,0.761575235,0.78346672,0.181347716,0.793646578,0.544257745,0.523733972,0.766408543,0.461054273,0.859020907,0.735622394,0.880324405,0.822968344,0.892283606,0.513394083,0.759831056,0.805194761,0.596942256,0.654638635,0.760276486,0.834135374,0.784019867,0.905327518,0.836033646,0.708458104,0.587093261,0.418567662,0.548517415,0.784928188,0.543495532,0.696118817,0.676712499,0.577018788,0.579369372,0.863690708,0.287630041,0.886983095,0.719950457,0.170373763,0.739774748,0.470222073,0.745457541,0.686753103,0.844052628,0.82457919,0.18686363,0.683317393,0.784128559,0.772781132,0.799564303,0.674074318,0.34948718,0.801583883,0.811887215,0.572810991,0.822027856,0.670096008,0.80134225,0.136150948,0.85354294,0.900902411,0.81426928,0.829066607,0.875732634,0.490166659,0.797781582,0.870150594,0.81439051,0.841825485,0.787897508,0.791841748,0.476061793,0.844375597,0.83188945,0.895520722,0.841107141,0.846575962,0.438209907
S62501,0.806361943,0.791132823,0.374368722,0.721984755,0.826763892,0.733702457,0.7497482,0.796515791,0.321711996,0.664324626,0.293458827,0.673101767,0.677875214,0.873657236,0.817538341,0.754693597,0.768452635,0.765256623,0.726529894,0.775462834,0.762224518,0.796423047,1,0.791010872,0.924654477,0.32486366,0.823941257,0.609284094,0.701681778,0.710780961,0.490849351,0.724040657,0.772068656,0.771083546,0.930659914,0.758728289,0.440202837,0.694939727,0.858924765,0.618788229,0.696330446,0.883753344,0.908810404,0.902253342,0.877643036,0.77078849,0.766466643,0.7319579,0.303093005,0.497316301,0.796156241,0.461688228,0.677529502,0.861255891,0.743005968,0.762674985,0.808456983,0.383613,0.84921855,0.750150109,0.001224311,0.60267562,0.29046172,0.697908966,0.681894869,0.718805287,0.848390423,0.307546442,0.771970646,0.848600758,0.70666211,0.592649739,0.860858504,0.6409771,0.742089433,0.755305756,0.478652374,0.691280651,0.796834068,0.663707985,0.137955777,0.884128972,0.792220268,0.825628732,0.795025853,0.88906237,0.384477902,0.774957322,0.810435763,0.711200022,0.831158423,0.818742891,0.754959106,0.704239742,0.699519564,0.880889391,0.830940931,0.77154045,0.815200319,0.636668934
S62511,0.69026605,0.577595379,0.184610669,0.815244329,0.944662236,0.758245431,0.72269614,0.919168927,0.056001034,0.845232821,0.362233611,0.724557638,0.489225916,0.873406816,0.853469582,0.71160909,0.660087975,0.714015242,0.856392138,0.569120413,0.965770351,0.761575235,0.791010872,1,0.722321076,-0.012183721,0.753372581,0.214037227,0.68441653,0.824289851,0.533848649,0.692371009,0.935106173,0.775922958,0.799965101,0.78791304,0.246866962,0.787441487,0.614968429,0.859813158,0.945495288,0.675231979,0.885003885,0.784466997,0.841640492,0.658359448,0.599456721,0.438134076,0.268054415,0.19081781,0.986748571,0.754275275,0.929308385,0.570712557,0.683840807,0.74782245,0.807451462,0.581150276,0.828720074,0.497046489,-0.091349117,0.807987104,0.275435134,0.563165672,0.86555376,0.663374299,0.900548576,0.020494468,0.70274072,0.575861631,0.611099856,0.739980737,0.673966692,0.378852937,0.756542267,0.807189537,0.802375933,0.874259146,0.618360867,0.867720845,0.041441437,0.784500648,0.829685975,0.906730065,0.595419738,0.93316355,0.628254601,0.55226432,0.756365151,0.574354417,0.865327603,0.963600126,0.869195571,0.423318803,0.872655678,0.682276672,0.768183533,0.785275464,0.662638289,0.426158881
S62487,0.791781734,0.747273358,0.361538522,0.645435489,0.808382439,0.705716567,0.666108993,0.742270231,0.419274565,0.610717931,0.277071922,0.553622066,0.717710202,0.826810736,0.749709372,0.704870581,0.684047282,0.75240784,0.682737034,0.763026937,0.716661201,0.78346672,0.924654477,0.722321076,1,0.342303416,0.771924578,0.665625324,0.637335871,0.665632201,0.531395528,0.695769421,0.700503756,0.720462914,0.915096767,0.67919055,0.503120317,0.607734163,0.903406611,0.552688857,0.594546621,0.877481802,0.864294924,0.878477467,0.864418484,0.778927233,0.727856698,0.682814706,0.344681308,0.532303916,0.724490447,0.376170873,0.59783712,0.884512399,0.712146745,0.716369986,0.739997255,0.358009146,0.806205241,0.776650692,0.072833934,0.531345792,0.224317213,0.67441022,0.594650075,0.680282687,0.817933419,0.40062812,0.725272064,0.827186926,0.695826249,0.564351564,0.84235394,0.69739628,0.672030432,0.748322996,0.41687893,0.602401307,0.765750637,0.569001698,0.203850683,0.850586494,0.772664253,0.777521778,0.82713424,0.86768366,0.327255752,0.755109091,0.769991463,0.731656727,0.756981518,0.753354521,0.744570311,0.748014172,0.617956859,0.87694866,0.797044999,0.708676638,0.79430813,0.699063846
S62591,0.209374549,0.305626387,0.12778438,0.052612997,0.068650105,0.151454669,0.104135687,0.026039351,0.406514515,0.078276247,-0.02979743,0.169536662,0.25850542,0.149427641,0.094908045,0.097185938,0.244239395,0.180320463,0.102949609,0.337376655,0.007781917,0.181347716,0.32486366,-0.012183721,0.342303416,1,0.161579689,0.504842807,0.053460299,-0.019454086,0.3093165,0.161983733,0.008487038,0.091867606,0.261350973,0.073790876,0.258387688,-0.000778689,0.388139599,-0.142606101,-0.105296534,0.377116736,0.205786693,0.237787167,0.188836347,0.194998645,0.331273183,0.567594917,0.310259372,0.265669742,-0.001570147,-0.130420474,-0.138728263,0.340962005,0.18382037,0.162255241,0.128280587,0.017921734,0.181176453,0.312639533,0.186579347,-0.048798941,0.055774456,0.218451457,-0.122519646,0.177046202,0.09106008,0.438564324,0.219431025,0.349177392,0.209856228,0.073542888,0.219613928,0.428668928,0.080307405,0.224552802,-0.041026675,-0.055004116,0.314941585,-0.061025436,0.37031314,0.250584677,0.092262253,0.050214675,0.275373639,0.15276092,0.112526295,0.334564673,0.1441807,0.193999695,0.095765816,0.037216231,0.07877811,0.310914206,-0.07424481,0.339644385,0.156176768,0.070466614,0.247389544,0.408539361
S62260,0.876832987,0.702560616,0.631902438,0.662842599,0.8478368,0.813835025,0.867934681,0.890963821,0.072946358,0.578913636,0.597482469,0.666675711,0.835127322,0.892794929,0.860460034,0.881260442,0.793721404,0.900241482,0.791693799,0.902325672,0.682312651,0.793646578,0.823941257,0.753372581,0.771924578,0.161579689,1,0.621691004,0.776908436,0.847030985,0.324163746,0.906515669,0.800494121,0.839152133,0.861138521,0.88986904,0.642838423,0.867862568,0.811288506,0.665274262,0.739223913,0.813537064,0.918036602,0.889722939,0.875395176,0.805474603,0.542743805,0.626128829,0.157325293,0.510581197,0.773058061,0.618128753,0.770786524,0.728094639,0.831486549,0.653578608,0.950264853,0.515909168,0.936989356,0.700426378,0.061848613,0.603534531,0.19130006,0.78204409,0.81009042,0.853727345,0.875706342,0.212629694,0.842698201,0.859198652,0.870177077,0.696615186,0.776250034,0.418107445,0.955424305,0.687475352,0.486364675,0.795706129,0.867813235,0.800969005,-0.048434816,0.910906206,0.856894224,0.86523745,0.856551473,0.826314766,0.295589178,0.759219305,0.94994021,0.901890328,0.929600696,0.767243193,0.824734454,0.553103897,0.814219388,0.865100933,0.799319902,0.953832238,0.831434851,0.387379362
S62553,0.678972203,0.549137234,0.543700985,0.37215757,0.412473375,0.458447013,0.52133366,0.371838347,0.483662461,0.183992984,0.36599238,0.331817327,0.752773068,0.495321838,0.425956996,0.57192524,0.593652494,0.573505116,0.332433271,0.720997694,0.155145103,0.544257745,0.609284094,0.214037227,0.665625324,0.504842807,0.621691004,1,0.342831584,0.460520188,0.264705766,0.572544376,0.255117625,0.550913133,0.616931523,0.488186035,0.661132613,0.420746224,0.792177167,0.167062933,0.125365393,0.689065272,0.558828435,0.596918279,0.552280279,0.65077894,0.4632976,0.611289674,0.307567089,0.742376954,0.236867534,0.041600062,0.185596991,0.709693411,0.513784036,0.302722801,0.53220616,0.056829184,0.5767784,0.737706984,0.302024436,0.099839234,0.124399451,0.681673223,0.304859314,0.591822984,0.438698237,0.564571346,0.504619283,0.792373658,0.662086368,0.354401869,0.572330806,0.492081066,0.520522183,0.448620755,-0.025195926,0.304795318,0.731258813,0.233985746,0.186796224,0.669044077,0.483795785,0.459434473,0.790443421,0.447614499,0.033015149,0.735735867,0.601842945,0.710106276,0.477638931,0.270540859,0.344716477,0.65573222,0.293848268,0.721222815,0.480209858,0.531941485,0.733314397,0.578792026
S62379,0.584881515,0.702124843,0.311675605,0.445587818,0.700048213,0.624551729,0.601114939,0.72051976,0.03843812,0.495204407,0.243734205,0.483802968,0.496718933,0.774078985,0.745610918,0.58225622,0.473390162,0.706686514,0.625482341,0.734243819,0.682777877,0.523733972,0.701681778,0.68441653,0.637335871,0.053460299,0.776908436,0.342831584,1,0.569141142,0.211749669,0.638690599,0.755632575,0.528490606,0.699976451,0.62444883,0.356671652,0.698579491,0.553438969,0.532760034,0.709578676,0.659888235,0.742626429,0.753283468,0.696488692,0.57976777,0.423439417,0.489864606,0.036024456,0.195222282,0.684853002,0.531820032,0.643203844,0.558030888,0.778129383,0.714121987,0.73114937,0.605720071,0.682004769,0.41006058,-0.297857586,0.466763632,0.073316377,0.530628666,0.677621603,0.543838621,0.746825966,0.284299018,0.667932543,0.625312565,0.532608899,0.412633667,0.763164732,0.523964248,0.725858602,0.485722405,0.385847865,0.573934443,0.696943735,0.62308882,0.001373364,0.644017153,0.612380959,0.672064883,0.529714064,0.700643357,0.245155625,0.480789216,0.726093216,0.593904131,0.73024447,0.654428931,0.696088695,0.56228,0.627603725,0.599755495,0.635665589,0.731708402,0.501332464,0.421192991
S62333,0.782646687,0.477322888,0.516547577,0.808633393,0.876231201,0.752609062,0.822033792,0.89297081,0.009344691,0.666352288,0.673868207,0.691486125,0.733291581,0.819458201,0.805192077,0.827500878,0.807224671,0.747548611,0.809778124,0.667223337,0.73515529,0.766408543,0.710780961,0.824289851,0.665632201,-0.019454086,0.847030985,0.460520188,0.569141142,1,0.454841253,0.817911042,0.814447781,0.888088485,0.779945028,0.874115635,0.519594628,0.871563562,0.700766258,0.841431268,0.811167688,0.646694839,0.865936142,0.741893897,0.794655379,0.766308601,0.495048698,0.40574534,0.25772249,0.4470755,0.832540009,0.735059075,0.887091825,0.582477844,0.698668746,0.553698358,0.882137441,0.500479353,0.892619428,0.646718491,0.178873307,0.725272663,0.288319577,0.684273356,0.86093261,0.803578744,0.834371443,0.045747533,0.761325153,0.701197162,0.811382053,0.813842961,0.59502414,0.233434566,0.878423534,0.740869581,0.673123144,0.889853086,0.729232708,0.866279338,-0.021007461,0.856764083,0.871710654,0.883612551,0.771273849,0.814829304,0.464474963,0.626832872,0.827346352,0.765700755,0.88368273,0.83270937,0.80303216,0.364392043,0.857817293,0.781972449,0.723346322,0.863564257,0.803513667,0.320769841
S62319,0.413683724,0.335906803,0.083615733,0.63803999,0.559855211,0.473371311,0.281790878,0.484919339,0.31413307,0.609169243,0.307688137,0.498836515,0.389375019,0.452308067,0.453953304,0.275772545,0.415655517,0.464111485,0.625295056,0.298640394,0.519432754,0.461054273,0.490849351,0.533848649,0.531395528,0.3093165,0.324163746,0.264705766,0.211749669,0.454841253,1,0.315840116,0.464763161,0.433031407,0.495257396,0.347658057,0.303018343,0.335437863,0.486747711,0.476438561,0.423026729,0.478703811,0.532866728,0.466918235,0.424057583,0.500513716,0.458549574,0.329042158,0.702377539,0.23955866,0.545148773,0.443075876,0.429777711,0.425639775,0.3057587,0.403333989,0.36788884,0.364927486,0.468254698,0.360347961,0.349989073,0.363715752,0.279705176,0.342114043,0.355755607,0.421785385,0.540151044,0.281075304,0.448285129,0.327698466,0.411040263,0.55275095,0.393608603,0.355770868,0.292623438,0.609337396,0.629004547,0.375444957,0.449532002,0.354970966,0.510788515,0.473533561,0.488679707,0.494009318,0.44843523,0.547571163,0.63627117,0.357461558,0.316009043,0.307581869,0.369408125,0.581126,0.627186253,0.274642051,0.376098897,0.565402446,0.454352751,0.340803922,0.444676681,0.472379729
S62439,0.894036857,0.688916963,0.598795086,0.638178828,0.793538767,0.859303499,0.912113783,0.871620779,0.130336442,0.583518787,0.640693694,0.660549598,0.830895876,0.862006409,0.811132553,0.937169434,0.784581276,0.900724819,0.769186337,0.858485333,0.642448338,0.859020907,0.724040657,0.692371009,0.695769421,0.161983733,0.906515669,0.572544376,0.638690599,0.817911042,0.315840116,1,0.769138647,0.845654004,0.773808242,0.909919648,0.605069214,0.859732719,0.7350602,0.641977637,0.686950185,0.741402499,0.834112973,0.82916578,0.859118685,0.795527149,0.500035877,0.590298999,0.242066344,0.519794919,0.716171398,0.582516954,0.741969429,0.627468173,0.759089481,0.589325721,0.950644815,0.360847215,0.912527465,0.696898967,0.121581351,0.678322651,0.260021205,0.829007552,0.753873703,0.920769141,0.818104424,0.150219942,0.742947844,0.794428614,0.822876856,0.744484944,0.71161531,0.268183581,0.934063313,0.710918645,0.521160422,0.829496198,0.772654696,0.845859703,-0.022769833,0.839663298,0.859610308,0.833814295,0.84091882,0.786715818,0.359094715,0.779240329,0.933870281,0.906247423,0.915232379,0.689879398,0.761004332,0.429799392,0.853047076,0.794667617,0.78995135,0.944395887,0.80372502,0.281127006
S62321,0.688724989,0.666179551,0.22059922,0.770213974,0.904549929,0.790270742,0.778391135,0.919914496,0.065536178,0.801551615,0.366002604,0.694665164,0.548545912,0.89176299,0.85603685,0.754965788,0.647567773,0.781969379,0.838412174,0.654084448,0.909702274,0.735622394,0.772068656,0.935106173,0.700503756,0.008487038,0.800494121,0.255117625,0.755632575,0.814447781,0.464763161,0.769138647,1,0.752294594,0.786495828,0.803409799,0.243716189,0.849593559,0.604937132,0.846666442,0.933287379,0.673746685,0.872282383,0.815296056,0.843564037,0.680406284,0.587800191,0.506470535,0.253407455,0.213629776,0.93601788,0.728036753,0.915482683,0.598375986,0.797600405,0.818722119,0.865419672,0.554385183,0.854516094,0.516914367,-0.1910986,0.762643136,0.180469128,0.638091599,0.882757426,0.683370362,0.905792887,0.066442043,0.711135731,0.610256799,0.62766741,0.683748112,0.739375706,0.376827165,0.826519165,0.782382912,0.770541754,0.865867898,0.661714123,0.872970449,0.059792895,0.759283576,0.821939389,0.898555282,0.621837122,0.899658529,0.56244704,0.592201106,0.800711628,0.625702669,0.907372259,0.895560151,0.857826388,0.454663007,0.888168948,0.67487755,0.745778758,0.841094644,0.661251924,0.425122884
